1000 9882
176 465
730 856
933 709
698 442
845 57
479 783
427 224
307 950
787 384
170 130
8 377
480 790
134 489
982 237
656 873
19 91
522 846
905 94
579 883
82 841
428 861
941 412
56 468
539 513
249 485
138 710
74 728
458 379
60 411
922 554
192 771
229 744
980 138
494 644
118 48
635 390
751 916
667 182
164 312
112 121
368 843
416 159
141 88
714 874
221 426
594 708
593 799
500 359
687 61
577 751
164 30
80 773
504 209
108 512
126 328
616 870
951 414
404 835
867 695
541 938
694 420
202 538
833 856
757 332
850 158
278 735
49 133
513 278
287 903
716 827
24 325
887 238
171 758
443 397
154 968
907 58
551 587
537 9
497 964
59 861
225 565
465 102
138 68
962 441
320 629
424 824
242 995
155 952
229 231
674 84
109 337
436 903
155 553
545 481
319 970
656 966
471 671
312 124
475 728
630 652
995 257
137 119
643 701
492 381
419 945
687 556
122 782
817 806
105 724
749 163
385 914
460 370
155 484
685 146
507 969
456 805
293 94
338 697
862 652
602 310
437 991
559 196
801 628
142 316
736 731
936 269
682 273
226 245
135 717
770 876
130 463
331 594
408 725
500 379
49 741
1000 771
651 543
381 785
995 520
286 613
343 524
969 421
974 918
666 463
475 238
997 969
22 402
118 587
874 253
676 907
649 170
992 96
811 740
25 31
356 625
413 896
305 319
382 314
542 999
157 411
768 800
785 646
860 222
879 354
702 745
64 977
194 896
379 637
202 867
133 803
674 9
309 98
807 295
52 260
660 59
268 645
4 679
65 951
63 388
397 487
4 822
248 918
834 997
69 872
235 624
364 788
667 973
240 266
147 966
534 822
830 700
386 517
591 944
284 225
503 272
696 220
92 829
892 745
860 983
240 232
496 66
499 805
706 461
445 407
563 364
670 688
933 162
701 198
263 276
631 901
83 659
191 740
359 326
415 688
587 35
59 394
701 55
98 492
465 951
522 219
840 645
52 525
131 918
928 710
856 175
607 322
650 797
482 593
654 401
88 456
732 945
624 266
491 773
274 805
115 945
690 413
613 152
236 599
666 82
448 591
927 105
231 844
141 548
366 973
997 789
673 679
620 636
452 158
146 865
953 407
111 891
242 758
23 689
358 288
430 685
629 349
641 50
402 518
24 44
632 193
746 201
570 123
259 275
534 662
594 389
958 994
116 961
15 359
586 737
434 920
275 458
259 945
976 205
670 65
472 540
414 899
53 65
698 278
321 265
618 545
87 251
470 426
294 196
523 510
318 206
322 149
765 703
535 931
937 464
886 925
973 195
198 499
604 658
878 369
415 485
727 954
22 589
4 72
388 431
815 256
504 762
783 294
420 792
776 48
761 470
999 628
356 714
468 12
291 525
643 288
350 488
464 859
908 900
502 295
436 123
839 156
625 272
629 376
44 706
66 594
508 791
533 642
878 941
605 373
576 235
559 466
197 125
644 700
594 515
444 458
482 629
466 398
533 608
741 961
44 375
617 563
249 727
983 516
486 36
676 124
434 579
128 954
36 275
404 799
442 86
718 625
178 356
878 314
305 246
695 33
920 309
222 653
832 705
172 98
944 395
907 17
413 840
215 220
291 308
955 269
150 617
903 101
615 351
102 886
506 871
68 930
401 785
755 104
771 655
891 249
461 205
263 728
177 542
290 471
424 861
665 257
314 465
578 610
33 447
716 724
294 262
795 751
8 747
906 140
802 493
916 357
286 454
423 887
669 123
389 807
241 44
722 743
652 914
501 484
623 357
592 7
21 793
467 541
725 370
964 719
288 184
327 249
956 751
603 982
207 551
819 161
108 488
606 379
74 296
957 243
423 699
799 752
674 727
804 666
767 893
905 537
821 661
787 541
632 789
666 726
447 827
931 742
474 839
715 271
314 748
746 683
603 814
914 850
734 136
165 691
580 534
227 966
824 893
88 384
975 23
964 844
909 901
968 351
144 257
510 202
49 132
894 44
72 227
810 198
76 731
741 711
244 289
302 433
279 738
585 427
436 755
918 927
202 950
910 799
889 941
328 811
370 218
465 246
159 638
452 500
609 543
778 4
826 264
939 27
970 256
531 821
212 542
971 283
363 255
947 722
968 727
261 393
455 27
493 868
518 767
875 568
908 671
925 279
985 52
911 804
398 137
536 554
248 712
193 217
231 385
910 228
808 426
611 63
265 581
430 393
363 166
242 887
187 660
61 179
710 320
550 281
638 964
889 382
120 736
211 139
908 803
687 951
199 602
362 707
150 122
558 871
211 120
799 411
231 347
537 680
776 516
427 560
472 720
943 920
687 82
383 811
862 712
757 446
922 229
690 329
197 855
490 227
25 945
572 869
349 700
634 538
198 699
452 187
860 40
932 365
775 977
392 646
600 533
485 61
784 428
470 963
732 18
746 210
413 161
60 900
976 851
72 372
498 11
963 111
781 31
858 347
54 300
937 840
510 674
902 254
472 513
513 829
473 360
493 149
705 597
103 902
161 411
536 249
744 124
742 731
356 354
449 384
7 918
442 385
375 439
587 375
639 683
877 226
456 834
473 804
536 518
995 107
373 771
100 589
587 85
683 966
499 981
886 195
83 658
973 817
80 672
155 158
999 817
197 503
606 109
37 350
476 338
294 583
415 465
218 933
681 459
814 233
597 743
103 34
503 964
863 649
317 640
969 209
770 2
206 136
12 321
474 704
382 457
352 172
335 989
525 701
927 249
654 803
470 636
343 486
82 922
538 824
349 777
952 423
710 522
513 206
383 723
690 990
267 883
72 281
271 795
342 388
845 19
655 248
688 338
20 420
350 514
591 704
501 670
636 495
363 661
109 425
479 203
961 344
65 771
247 63
731 370
570 956
807 953
645 856
913 366
289 436
56 425
903 356
717 908
648 237
541 382
528 835
545 891
666 780
217 154
109 860
999 631
545 980
456 973
666 576
919 150
598 339
913 378
340 71
692 796
896 965
917 945
832 151
412 587
662 879
539 16
120 792
1 385
535 68
349 81
741 895
10 593
581 262
415 90
571 272
638 243
899 265
993 102
251 351
816 409
376 96
500 790
253 806
516 518
539 423
957 628
392 866
780 147
747 511
457 946
629 812
850 75
452 243
770 264
935 710
270 506
298 537
871 944
146 981
556 136
684 85
523 81
120 434
708 83
214 268
15 725
829 801
411 584
74 770
147 178
612 262
5 176
99 685
480 953
656 988
986 127
803 543
751 957
339 663
646 187
172 566
252 260
147 912
522 844
924 168
964 697
159 985
772 500
728 283
152 937
492 885
523 618
908 756
1000 365
692 35
341 59
144 521
622 932
951 822
994 279
820 399
895 849
587 396
400 306
166 265
518 562
98 179
541 499
801 622
10 863
108 120
18 784
572 431
493 562
951 133
390 812
800 290
348 430
469 441
786 480
889 390
961 785
670 939
984 430
69 244
952 716
666 326
979 245
581 361
712 536
453 230
155 220
933 300
883 593
461 731
495 468
923 458
174 192
605 228
650 493
420 320
858 768
376 235
712 837
462 409
998 255
345 653
950 114
347 43
310 221
674 368
79 821
219 21
831 314
561 770
241 334
168 964
890 853
63 29
968 875
91 204
592 823
664 420
483 358
511 604
347 407
84 122
798 866
601 272
860 687
94 479
259 678
317 356
571 888
485 702
237 461
866 415
449 328
711 229
624 725
623 489
237 350
743 724
429 524
87 186
27 823
662 602
284 356
818 892
813 567
603 78
510 807
567 712
108 243
112 246
790 361
945 464
586 450
18 534
258 41
458 563
481 144
669 156
853 680
111 297
822 555
733 386
24 534
779 678
357 958
268 161
269 760
309 571
970 839
810 812
315 390
957 587
409 973
690 326
432 90
878 188
470 742
913 557
453 508
326 634
935 936
210 227
23 276
177 247
146 891
702 796
115 98
797 681
622 454
38 535
720 442
354 728
480 515
239 765
234 542
767 648
181 53
848 286
884 500
264 703
413 450
436 101
646 240
170 201
228 455
431 674
142 819
651 549
94 552
683 125
649 445
8 307
600 285
262 632
912 793
517 254
96 800
243 691
852 515
445 179
48 899
69 743
949 323
57 955
4 86
635 98
247 888
753 979
271 408
365 269
79 547
612 367
265 535
723 628
753 829
738 75
373 36
247 527
585 964
556 417
566 897
429 163
909 153
201 304
787 709
990 348
349 76
171 884
577 745
339 202
801 993
969 71
733 486
347 275
849 745
352 190
671 816
486 62
414 299
841 29
893 800
921 149
724 846
447 673
514 28
534 475
37 657
24 272
724 957
798 476
453 399
547 92
146 863
54 124
241 603
573 656
511 823
798 367
983 817
423 414
945 980
928 708
410 807
341 625
696 608
238 491
440 286
756 364
962 763
877 752
470 206
785 898
695 387
276 883
258 584
29 69
285 251
296 295
470 57
254 704
481 848
8 320
906 812
345 747
218 177
274 255
593 475
868 43
104 312
296 490
473 150
331 208
469 322
491 278
74 306
200 969
386 662
114 563
61 24
133 507
230 945
216 95
17 82
916 886
386 777
39 961
706 350
986 766
494 969
153 931
904 805
390 976
407 978
931 716
753 682
847 288
518 768
10 719
266 597
16 52
624 217
74 246
365 575
514 222
807 669
40 329
166 825
376 97
84 658
323 698
298 866
732 774
2 925
599 598
512 594
345 775
760 54
580 353
546 433
49 239
927 220
8 617
417 259
698 244
661 210
993 944
77 19
980 682
547 969
132 641
258 964
759 946
582 701
333 401
336 123
564 563
898 647
332 207
133 906
63 73
571 572
180 427
285 62
721 249
673 126
716 436
629 821
651 547
584 542
754 210
863 436
338 833
924 216
804 934
184 379
354 183
853 95
692 211
951 934
330 392
131 165
681 474
730 41
805 429
113 405
523 984
710 346
32 925
269 96
515 856
883 818
59 436
39 890
334 638
504 869
254 305
382 842
166 635
588 264
582 51
549 138
733 445
304 283
562 104
899 803
884 942
961 675
376 125
895 366
607 698
645 921
975 390
102 54
455 880
107 652
805 707
662 180
224 928
576 419
547 20
181 318
475 17
585 469
756 390
499 151
621 768
417 152
751 141
148 24
708 176
769 476
333 601
590 180
494 9
833 641
940 355
523 205
906 223
804 797
998 425
159 521
881 701
826 278
132 411
850 624
255 637
769 871
308 68
256 471
664 468
151 542
688 490
982 12
877 986
74 537
169 811
170 500
7 747
38 7
393 444
179 495
326 258
570 740
809 868
661 779
939 473
653 683
769 908
735 115
60 297
443 659
795 166
249 224
217 329
340 9
394 929
515 807
69 326
195 609
571 524
663 212
277 393
84 901
107 44
179 939
198 488
866 947
261 901
477 506
802 683
451 555
185 667
330 404
757 11
642 114
210 958
840 473
253 892
608 853
550 584
93 915
499 420
779 310
585 107
606 612
303 184
205 330
28 913
806 988
161 599
898 267
594 122
182 955
7 101
506 810
106 288
324 511
841 723
862 891
168 643
150 535
963 192
16 599
591 191
186 363
688 217
727 152
781 181
547 22
404 277
318 503
873 892
345 315
445 70
612 479
299 486
858 123
693 587
781 679
621 296
70 566
587 664
588 183
994 762
601 772
964 754
344 283
161 763
678 896
711 200
235 659
182 958
436 474
354 127
173 729
502 175
909 293
213 168
35 648
217 301
831 509
386 802
282 883
942 720
31 604
253 732
805 101
535 348
587 12
244 897
993 552
758 498
948 595
273 301
476 300
41 793
688 26
830 539
487 108
89 358
917 637
573 235
67 934
802 719
568 735
26 276
790 84
296 760
315 52
444 400
49 480
582 138
352 63
745 440
78 77
620 1000
116 191
903 237
392 725
428 19
819 994
625 919
883 215
760 906
462 470
390 83
998 132
232 291
180 515
932 530
38 673
426 399
911 675
962 589
104 893
694 60
375 109
627 75
494 86
828 946
831 381
578 574
655 927
627 504
573 994
48 755
945 635
30 295
509 540
238 202
313 241
132 339
830 270
976 723
963 875
423 318
476 942
661 496
920 694
670 358
213 505
783 13
324 806
290 626
184 241
385 942
193 101
564 156
808 582
990 850
94 295
796 63
890 334
648 126
723 674
106 736
322 549
805 392
350 495
631 874
463 788
374 497
720 212
749 283
640 881
790 423
830 932
118 970
598 448
675 613
123 544
179 882
199 655
86 964
653 38
636 738
606 990
679 790
59 137
645 642
998 723
139 305
893 530
123 782
326 929
466 28
931 954
514 252
577 534
561 425
405 402
570 329
443 67
76 690
557 61
263 182
464 332
990 489
250 857
125 91
954 91
242 793
558 345
45 378
821 601
323 104
585 238
479 597
390 206
472 733
133 888
63 251
907 321
836 313
927 898
289 494
808 998
200 475
656 223
661 306
481 770
371 658
946 844
48 671
521 336
830 298
647 656
778 321
602 414
967 887
588 360
860 709
472 284
622 59
259 654
956 635
811 280
26 752
412 485
271 418
84 134
494 537
929 871
781 465
654 97
87 666
553 370
818 313
485 971
490 679
112 125
387 946
76 886
173 434
505 34
198 15
326 80
532 859
718 886
611 226
245 32
585 899
896 850
608 620
58 517
98 258
445 93
965 968
70 228
95 27
975 99
80 904
509 205
912 734
3 442
477 367
336 909
300 232
192 481
709 68
16 831
702 844
521 982
466 147
784 308
881 255
736 93
2 785
465 457
637 275
177 349
91 435
287 863
595 771
485 151
785 815
901 677
7 806
119 673
708 177
391 647
622 411
290 502
163 636
728 342
132 501
812 407
464 45
800 567
413 508
897 439
313 184
30 383
15 457
865 896
26 818
100 231
228 444
375 63
87 491
146 507
240 80
482 291
924 142
686 981
639 803
113 197
421 132
332 289
830 32
133 272
209 682
836 1
397 411
805 366
364 978
165 143
369 812
408 908
578 184
394 991
400 272
2 508
938 784
795 185
691 504
958 531
625 332
74 474
348 749
147 618
978 628
939 646
47 397
430 511
801 761
993 337
442 457
636 699
227 918
68 402
782 626
679 990
828 500
686 14
580 629
91 20
675 283
418 784
384 352
131 749
577 557
28 867
267 29
73 350
241 812
866 517
447 284
819 905
145 842
427 864
586 382
851 393
103 588
272 738
592 759
755 37
612 762
869 21
401 623
504 862
156 503
543 741
506 636
949 62
635 937
582 932
416 219
913 924
347 501
403 455
522 947
725 648
29 129
711 421
658 307
271 196
576 680
42 28
904 207
248 777
462 849
750 164
311 680
601 720
994 362
407 373
601 180
126 889
531 161
250 404
493 726
973 716
23 325
868 486
230 907
178 814
930 769
773 693
504 205
545 958
363 135
509 543
754 588
792 849
278 236
283 326
349 217
98 347
151 455
636 735
950 682
589 899
529 167
595 270
183 903
923 263
505 308
899 302
411 651
25 477
707 729
124 957
175 547
13 723
244 151
665 237
974 865
831 696
634 714
375 748
84 751
644 624
605 91
326 612
814 825
366 854
968 489
366 832
298 544
677 583
110 325
78 231
890 937
229 89
289 924
987 37
523 135
502 546
284 657
86 813
837 555
87 220
604 810
258 365
518 126
77 998
206 762
946 937
806 389
717 214
475 663
811 17
315 846
869 491
251 76
769 549
849 531
5 123
433 804
342 212
915 124
535 959
701 403
86 159
152 592
57 864
815 268
191 550
907 881
860 882
515 576
177 414
679 461
5 686
368 400
272 411
92 908
697 534
239 975
994 80
135 640
743 623
875 319
736 647
398 614
594 733
185 635
302 2
658 874
786 247
553 64
296 951
740 946
779 514
999 167
225 96
614 506
631 568
634 268
192 279
807 783
913 713
744 195
2 1000
919 433
611 564
426 812
799 237
6 860
537 278
297 717
45 87
266 772
763 974
489 85
453 434
870 163
868 599
318 193
936 547
422 530
975 706
158 40
368 832
845 210
718 96
423 444
742 858
659 626
575 357
57 452
241 423
445 565
915 845
648 624
795 739
963 953
233 660
52 248
569 466
715 805
238 231
207 924
668 386
119 160
963 838
968 592
576 947
612 103
649 507
317 349
391 803
708 530
341 87
626 391
646 472
450 849
549 739
752 497
914 32
520 503
159 34
364 126
860 923
330 954
204 983
820 313
714 772
635 266
212 41
175 167
123 606
6 126
409 299
562 291
999 890
66 690
451 672
527 547
107 66
823 392
71 423
206 442
376 417
235 990
549 136
154 128
415 59
864 293
832 771
337 475
870 207
482 644
467 243
396 724
828 311
150 303
693 767
231 656
642 143
326 684
997 809
135 78
121 542
985 817
432 159
819 989
141 761
328 960
615 383
730 743
379 511
181 173
721 962
326 751
210 431
360 448
214 303
342 336
270 493
987 109
54 324
590 186
683 372
668 704
445 601
985 636
983 473
416 321
38 968
646 11
669 170
427 195
360 254
513 838
455 241
702 306
189 453
299 269
545 85
15 121
481 527
815 486
926 839
178 553
964 664
804 885
492 137
97 735
756 794
688 714
639 691
200 948
347 807
740 310
522 577
373 811
445 398
709 961
679 405
942 697
763 364
845 508
397 124
292 406
535 314
991 276
300 649
616 538
732 644
397 205
491 254
199 705
718 851
981 511
430 111
838 24
948 744
932 213
37 311
740 842
173 183
391 256
158 533
106 874
253 905
899 309
482 569
443 842
373 348
720 881
737 53
149 943
233 246
766 424
288 977
328 30
510 234
132 918
595 192
737 982
998 15
366 336
538 800
965 495
345 750
38 699
241 525
561 210
582 616
779 244
700 771
506 522
693 358
987 73
163 539
800 596
310 694
787 334
310 585
995 467
284 428
485 509
289 322
712 729
790 994
129 697
721 199
364 785
437 747
391 351
26 646
722 683
584 600
677 485
97 763
901 237
740 347
462 40
616 201
928 69
347 771
956 659
170 264
846 690
853 21
361 847
553 329
500 390
448 105
212 498
964 875
567 696
622 701
771 431
278 237
995 845
923 248
27 943
685 213
344 857
148 713
520 892
387 295
340 269
412 914
714 62
883 669
793 645
101 760
305 995
291 80
534 252
628 719
735 533
22 448
758 862
712 674
896 569
534 111
315 423
559 648
121 500
747 344
505 533
590 822
811 711
49 79
427 830
134 681
491 695
534 329
133 608
7 75
500 655
618 86
102 847
56 531
129 217
862 853
21 475
508 1
204 266
298 835
400 451
65 628
450 134
15 354
886 852
346 87
328 758
367 831
299 439
212 892
531 768
306 693
856 903
817 647
507 57
894 951
170 59
632 642
584 741
274 13
937 475
477 562
886 918
722 655
482 488
821 873
18 6
259 368
355 219
14 490
252 561
153 646
761 473
420 909
84 362
892 513
878 605
97 993
475 928
541 412
622 601
18 699
810 431
98 751
706 716
356 981
453 125
970 41
386 38
151 490
712 225
692 574
487 402
883 633
840 593
724 143
961 555
980 241
841 173
715 580
46 486
324 140
487 368
300 298
920 395
59 105
903 322
445 510
232 611
643 191
626 655
272 510
92 23
705 183
314 9
813 81
7 30
335 957
492 828
668 991
334 255
582 545
15 672
932 560
147 472
349 898
744 508
797 366
587 870
769 501
555 452
389 396
414 849
271 1000
530 525
488 472
426 18
673 115
265 828
638 581
535 877
920 660
886 579
252 375
324 772
42 213
193 71
895 608
777 808
218 434
256 667
61 968
887 476
869 625
217 250
951 931
109 828
35 377
960 286
853 461
730 440
297 467
473 913
610 210
113 394
233 656
174 891
361 912
141 82
899 58
978 545
61 283
268 91
602 248
917 578
98 256
184 790
250 455
13 489
306 373
862 326
75 560
425 577
503 904
783 144
679 901
762 461
690 350
463 428
552 387
989 242
477 414
281 179
447 762
512 561
159 182
417 435
988 14
367 435
902 346
371 52
447 331
700 236
163 768
186 483
835 338
926 511
396 906
935 375
537 188
731 261
381 309
575 591
280 258
953 661
929 171
967 567
159 522
787 309
312 147
459 356
820 811
12 984
87 372
845 424
369 119
477 379
229 963
603 218
647 515
220 778
369 192
441 723
479 15
797 182
449 40
821 816
354 410
670 463
86 278
640 622
679 263
239 506
566 671
770 580
443 660
409 484
523 872
231 269
13 218
344 207
572 335
579 657
231 354
951 677
553 14
494 900
23 118
509 397
623 937
754 776
205 916
140 1
96 54
511 464
258 468
421 831
582 173
328 176
747 274
334 490
651 158
192 463
780 192
89 889
148 362
779 440
323 772
670 857
667 542
996 549
572 735
450 385
716 932
9 390
7 247
397 791
830 181
759 631
744 308
600 824
267 987
15 265
237 873
138 493
850 704
946 899
46 837
664 388
171 148
427 847
824 644
161 414
513 673
422 520
221 774
57 221
384 635
902 797
382 572
891 860
443 629
660 807
365 231
669 943
877 76
717 995
497 256
616 202
501 328
78 131
86 613
80 391
868 480
377 459
549 985
222 61
60 200
226 32
445 258
853 389
580 806
529 96
508 777
144 130
472 271
382 822
23 154
226 258
248 310
247 696
88 351
913 850
572 177
701 787
478 628
412 770
469 863
291 83
331 511
22 449
318 888
323 706
106 222
568 839
589 739
206 141
614 318
809 82
619 404
343 268
496 881
741 649
499 50
979 892
897 49
336 402
667 683
263 220
910 809
373 51
984 853
716 968
22 826
777 596
427 991
870 321
287 635
114 137
920 108
748 97
501 839
707 164
671 257
518 154
792 166
976 195
594 270
760 730
696 834
623 105
794 914
702 376
858 575
150 899
655 162
492 300
990 567
21 926
740 26
138 862
424 159
708 568
240 300
630 633
174 531
963 650
748 908
485 754
382 662
825 365
865 680
386 739
902 539
887 507
696 254
330 900
807 666
134 329
378 904
485 980
862 190
852 880
783 450
715 392
766 549
303 809
328 411
439 473
774 878
296 953
5 991
390 615
162 542
749 570
265 786
623 993
600 150
508 755
605 155
606 876
935 782
941 249
818 324
712 577
684 669
704 355
874 63
859 641
860 126
241 746
167 710
392 756
559 540
603 644
305 377
414 37
78 86
893 336
928 885
638 910
125 201
935 338
121 866
450 376
470 895
668 302
532 457
981 645
392 417
198 789
164 909
972 804
475 836
323 280
218 238
146 259
590 382
207 926
674 813
379 17
622 79
86 152
837 18
19 209
97 689
77 635
118 361
4 513
999 688
397 372
807 809
847 972
174 670
946 399
565 343
70 799
627 898
185 603
499 995
961 461
231 488
985 252
511 72
635 268
491 20
757 785
373 684
235 11
92 688
310 756
477 74
540 497
22 30
775 692
373 314
153 83
527 707
141 620
183 9
866 653
227 861
508 390
537 496
24 733
645 901
776 844
689 29
564 991
858 700
987 305
612 995
708 199
737 378
498 398
975 672
163 912
640 180
146 581
937 854
630 770
635 529
228 89
530 735
750 450
826 274
709 958
99 716
950 125
854 364
161 497
863 758
21 613
498 850
910 349
363 592
768 310
40 653
901 102
707 299
726 5
564 160
748 581
605 972
381 888
661 678
540 857
833 193
598 67
356 426
527 77
658 492
142 229
273 906
759 244
283 81
602 305
14 419
238 573
867 143
761 400
463 856
965 742
456 522
697 588
681 55
882 624
442 613
683 609
248 428
670 889
72 762
269 896
92 741
685 822
718 849
496 650
887 630
139 412
891 627
947 261
235 952
171 783
758 193
689 974
600 223
638 443
715 702
129 311
336 989
154 226
487 298
514 130
666 658
79 172
372 90
923 602
871 128
174 336
395 37
399 565
992 103
993 786
386 416
25 224
56 847
999 348
473 521
345 835
188 747
764 586
86 570
875 611
732 488
972 575
462 361
263 264
780 950
896 155
806 690
534 653
628 216
522 205
815 832
483 427
944 183
770 884
929 197
403 307
110 142
972 797
693 149
659 285
649 343
388 781
680 975
910 654
214 43
794 996
459 144
556 770
189 487
100 134
484 805
178 632
565 124
490 806
769 591
610 599
477 556
331 529
596 678
778 663
651 623
326 222
285 933
415 778
401 168
493 834
77 515
817 980
617 162
880 320
574 196
244 751
908 520
549 778
666 630
27 48
709 564
602 644
35 541
165 898
227 729
197 497
628 555
960 153
259 210
614 578
10 724
84 933
417 830
552 175
734 187
700 127
224 288
687 767
317 553
339 209
468 427
188 877
173 405
671 831
230 421
620 853
415 253
733 18
85 963
984 568
969 164
277 109
603 699
766 85
492 986
720 637
149 163
578 887
558 321
483 745
46 533
803 442
336 261
262 29
873 34
285 468
752 957
713 393
471 393
128 17
891 450
599 909
232 197
877 747
989 765
530 480
572 992
871 761
588 497
219 382
251 65
507 59
293 684
510 930
661 16
51 470
878 393
627 651
739 837
746 959
192 640
999 655
981 896
566 570
843 995
19 293
94 299
666 936
170 347
83 598
563 288
673 288
503 461
749 501
736 956
199 980
900 9
518 584
244 707
960 308
189 94
763 185
766 840
655 353
776 687
75 447
203 66
169 232
22 785
856 691
796 840
563 111
839 810
218 784
347 745
50 249
714 80
861 159
398 647
663 393
776 627
227 979
782 553
970 777
302 807
353 793
872 887
338 79
66 828
524 239
306 433
866 601
426 698
383 828
135 214
965 131
732 178
915 658
958 444
784 260
444 662
618 57
38 400
769 41
254 805
167 854
629 935
722 11
542 806
301 908
929 419
343 113
116 957
798 223
510 621
104 642
224 598
1000 151
449 695
555 801
574 753
406 839
958 784
542 83
122 528
271 27
898 819
327 464
455 159
838 716
351 478
789 67
873 602
235 793
678 893
695 817
610 543
966 943
496 163
186 867
924 213
986 778
187 931
959 279
227 418
464 528
840 919
674 639
70 796
271 479
934 181
296 233
39 531
117 351
378 941
910 130
145 4
991 317
614 808
117 448
979 413
47 501
846 265
108 133
438 562
793 545
630 6
723 928
690 235
49 753
892 773
476 272
709 302
816 985
175 390
879 914
383 355
594 990
480 66
575 865
633 149
428 18
145 576
165 525
595 440
832 774
211 323
125 281
254 103
736 226
625 261
489 54
730 668
935 531
794 369
450 443
389 945
608 27
98 821
659 546
107 929
220 704
367 147
594 437
815 943
301 513
324 678
492 704
746 531
646 118
354 673
711 239
837 992
186 690
178 706
622 249
973 363
157 91
364 808
492 373
305 650
120 773
427 482
800 920
69 781
105 732
109 252
56 504
645 96
804 967
951 784
454 285
517 422
919 502
502 68
378 94
628 818
882 542
300 757
155 26
429 919
176 401
73 799
735 911
331 509
151 78
640 829
383 33
629 313
822 944
272 124
145 258
357 599
653 106
191 291
343 516
918 118
331 680
245 290
942 120
466 81
249 807
432 449
968 275
844 874
771 250
373 398
249 656
340 569
490 234
153 474
599 245
414 467
896 382
133 99
686 11
371 18
510 459
771 703
150 552
155 894
765 111
971 752
864 768
59 750
778 80
559 821
815 550
470 164
882 868
60 928
367 804
891 406
263 553
301 758
765 433
693 148
125 978
199 431
608 500
699 559
612 452
904 405
354 564
815 673
605 910
821 112
289 327
660 946
256 392
755 500
703 124
583 730
308 468
200 757
740 503
152 632
397 298
87 438
554 127
22 697
773 927
796 464
195 971
938 865
278 390
316 205
762 877
412 344
17 347
934 253
314 936
938 752
591 966
959 666
235 948
537 962
918 321
672 315
377 43
749 707
198 75
168 10
259 213
227 553
141 233
552 144
36 1
737 884
277 281
282 577
562 121
67 941
233 437
658 548
520 605
499 278
82 210
67 570
505 681
571 378
46 312
323 853
923 680
641 360
179 729
681 639
684 289
387 996
356 639
283 823
432 203
16 906
555 575
438 465
498 324
614 30
417 879
523 978
361 196
572 614
655 537
416 430
676 516
509 821
158 904
369 322
546 248
655 910
95 701
295 378
800 627
379 134
875 467
955 119
775 502
162 50
605 742
245 983
717 163
898 991
95 851
599 323
297 889
616 153
389 873
483 561
291 727
308 351
863 495
97 516
792 612
773 838
818 732
378 39
786 126
237 288
378 918
86 463
364 165
517 271
539 203
157 267
179 200
217 445
40 130
757 827
762 99
670 950
532 819
923 374
178 387
966 424
97 49
83 2
376 504
749 969
975 59
614 329
399 767
550 917
261 762
633 321
626 650
272 497
276 473
168 546
595 253
922 343
491 660
76 574
205 414
760 939
690 618
15 685
310 891
167 806
405 925
530 870
589 153
146 607
552 998
371 744
614 216
413 19
768 14
592 834
703 982
327 715
510 844
108 691
950 580
130 781
848 250
623 35
389 828
194 388
251 221
750 241
477 531
260 47
317 458
911 968
915 269
739 241
98 219
545 792
231 405
888 718
346 541
494 653
498 686
151 180
423 691
322 514
431 164
126 516
307 490
37 61
408 851
351 925
227 643
304 676
747 117
587 227
878 998
675 656
527 595
600 86
92 690
166 637
206 446
44 557
560 699
987 647
54 754
975 110
316 313
177 768
546 666
840 419
213 687
107 356
762 305
382 46
3 417
666 99
210 103
62 924
690 349
488 605
768 575
893 537
823 219
440 928
370 609
267 729
798 399
836 838
849 469
906 788
104 668
984 864
161 886
54 62
93 732
573 722
99 899
278 566
860 354
671 835
8 593
615 456
284 678
413 70
519 134
523 195
63 26
671 475
964 343
323 361
363 820
192 398
773 375
96 573
100 29
281 669
336 662
431 663
161 503
976 28
830 459
852 647
856 578
118 609
863 257
845 310
198 416
894 861
216 255
108 437
860 964
478 67
796 124
389 562
283 83
69 558
108 452
862 229
36 776
821 753
553 115
681 70
40 90
205 768
222 870
740 999
783 693
879 832
607 337
40 489
645 692
426 974
353 102
406 232
101 704
871 476
693 908
175 421
93 124
500 98
103 135
520 449
628 358
205 755
999 457
872 147
107 721
698 852
497 701
885 482
245 579
471 129
254 787
827 425
67 268
180 565
38 703
112 919
954 183
57 549
693 497
676 737
73 524
76 469
771 719
794 628
246 941
872 268
46 985
81 833
200 393
519 234
902 246
150 779
337 784
998 591
255 774
688 492
375 105
551 170
799 137
62 77
483 536
527 397
530 483
345 223
751 867
646 277
260 80
783 164
217 21
626 459
476 742
938 991
613 735
429 728
235 649
68 177
619 559
269 192
566 894
772 804
458 11
188 496
53 714
51 86
60 186
529 101
554 944
884 607
520 864
938 531
317 950
466 272
230 377
620 177
32 586
677 848
753 528
610 507
830 748
847 107
775 766
814 96
743 10
961 886
325 381
242 525
429 824
561 391
319 403
837 466
486 128
949 552
549 430
182 137
384 240
477 451
358 334
570 302
719 835
647 230
225 539
82 388
300 467
525 518
358 729
537 200
763 271
320 794
985 926
396 845
647 388
116 970
122 651
416 286
569 328
698 428
704 885
834 828
137 468
817 554
102 572
68 740
434 900
132 476
423 842
431 549
294 253
721 295
522 848
931 667
711 388
749 209
531 994
751 647
42 253
843 621
375 246
579 814
614 621
820 865
521 105
800 48
194 323
145 141
181 583
735 32
4 192
999 221
178 207
416 696
109 997
365 635
278 274
321 765
821 696
662 756
455 654
495 685
226 178
789 752
966 30
914 509
572 225
525 21
943 890
446 806
178 384
896 763
589 930
212 977
25 275
914 671
274 894
634 376
33 921
340 515
14 836
938 218
331 960
832 683
907 187
818 466
159 222
533 845
606 653
42 1000
281 324
996 968
125 85
491 663
77 210
543 501
945 814
680 699
68 939
509 871
778 134
564 651
547 863
287 600
541 992
517 635
721 976
376 659
843 581
772 591
65 965
530 521
825 67
627 331
226 560
996 60
65 886
228 390
599 241
32 377
603 242
181 843
38 131
169 816
333 637
851 896
820 113
971 199
38 18
900 201
313 497
498 527
562 920
890 509
943 373
776 661
25 73
490 713
588 68
346 619
667 383
977 699
579 923
140 469
982 308
820 407
514 710
143 738
666 573
615 709
49 124
584 882
731 997
634 216
942 273
347 649
47 503
676 453
933 498
844 531
793 551
810 399
773 537
597 837
571 210
610 48
993 440
44 558
818 5
512 888
583 263
568 548
608 721
116 424
103 98
269 716
292 819
185 950
334 402
944 322
413 513
520 463
509 184
421 866
461 821
284 786
175 855
550 769
510 322
150 403
614 84
300 4
690 700
451 112
931 186
551 637
901 542
404 26
210 281
656 643
16 610
37 948
243 355
101 65
621 906
200 366
589 236
882 374
109 667
298 775
405 545
214 147
769 326
453 981
209 369
359 771
752 677
155 78
398 453
971 389
522 921
7 595
726 169
428 676
530 508
983 314
142 974
199 235
458 419
954 556
99 431
360 897
180 513
648 222
722 851
501 368
799 953
821 941
400 391
697 375
347 826
353 441
260 147
355 279
400 278
678 121
455 304
611 38
708 18
615 534
744 709
529 495
602 687
621 129
948 471
416 736
493 526
801 526
445 363
526 428
966 215
714 180
992 574
519 861
23 114
634 111
974 621
870 898
49 364
582 22
213 721
895 469
491 787
679 980
123 324
727 764
783 842
272 284
970 847
974 783
650 577
153 47
119 876
944 366
90 658
931 120
714 328
733 188
923 716
747 256
253 87
932 662
681 914
499 203
854 94
31 360
266 59
234 503
226 325
522 200
7 768
685 149
915 795
595 515
320 863
539 47
391 630
492 437
518 39
389 81
555 373
284 425
712 436
492 452
365 82
919 705
100 129
86 84
113 871
190 216
345 79
826 646
556 547
8 25
597 313
744 771
229 709
821 897
585 832
627 974
829 406
407 224
47 73
639 547
373 131
370 853
537 590
348 600
317 211
995 420
770 983
866 12
408 652
706 741
689 926
804 441
16 980
700 122
442 358
278 960
464 385
283 634
893 519
58 694
130 203
261 883
83 217
45 109
415 143
258 726
889 898
727 486
418 16
989 423
684 475
423 257
6 235
978 184
634 950
519 43
418 757
543 417
945 658
233 896
968 205
203 616
792 59
702 514
342 413
734 883
716 682
95 703
925 445
996 138
642 78
854 312
391 602
485 395
17 637
879 223
845 597
630 851
96 742
80 27
280 493
873 978
503 59
68 628
826 440
313 363
464 265
472 772
806 153
682 155
666 772
132 120
795 936
43 847
925 293
435 41
757 630
336 868
21 892
209 756
728 356
903 336
648 101
334 840
995 910
388 288
348 229
801 601
198 139
952 987
277 744
839 679
282 862
377 84
710 374
420 224
525 131
70 96
897 548
625 415
516 346
993 403
261 949
667 222
481 103
300 989
27 831
874 502
981 434
290 999
914 525
787 201
296 844
174 173
395 128
658 518
24 598
520 635
978 491
767 167
736 217
572 951
386 500
297 823
106 65
125 483
821 947
384 221
349 763
278 697
263 175
177 298
324 431
443 17
996 505
297 977
727 379
361 166
234 444
536 382
275 274
438 290
371 893
826 139
864 970
24 129
82 651
817 452
572 654
506 591
109 354
823 554
238 126
534 571
225 881
265 10
608 446
220 908
406 821
243 597
561 584
48 613
32 378
677 582
891 44
401 835
65 230
765 601
948 47
623 367
844 72
517 62
460 321
338 825
763 120
891 47
599 470
894 481
808 553
184 259
256 656
956 737
840 922
969 634
454 242
421 459
40 209
852 144
834 487
268 449
175 274
10 114
934 997
98 285
719 677
747 104
895 48
700 34
98 652
541 782
379 841
72 783
474 623
989 92
224 90
798 204
684 381
810 960
595 42
945 111
382 270
452 392
211 921
508 352
471 108
168 687
6 179
797 732
138 75
16 335
430 755
141 836
57 377
898 577
828 898
160 638
712 187
536 457
574 513
332 148
959 457
350 664
789 650
868 949
725 524
158 443
879 117
471 656
511 583
574 867
482 331
599 148
268 978
796 900
241 48
646 62
136 164
673 387
447 210
345 114
41 361
774 709
167 409
868 378
299 545
800 10
325 545
368 12
648 174
80 400
759 240
139 805
341 343
643 11
826 965
921 731
919 352
478 208
981 167
880 6
644 969
925 72
398 279
248 432
127 88
795 324
574 409
795 476
672 641
994 944
629 439
150 112
170 850
286 592
841 159
759 368
326 849
168 335
41 967
813 353
466 76
177 7
489 245
951 503
803 987
991 982
758 999
207 872
305 219
180 785
347 503
615 187
928 979
139 92
366 337
751 459
664 973
686 354
923 892
963 315
34 221
661 32
58 215
794 707
445 661
980 746
767 546
860 320
901 383
774 144
333 448
483 431
525 962
656 639
200 686
432 509
200 395
204 371
670 873
543 738
357 347
712 294
695 551
918 216
25 721
381 566
455 211
661 484
989 183
773 250
761 884
372 943
670 370
160 215
416 65
16 209
588 175
318 130
882 972
270 124
51 367
89 32
221 547
863 500
406 735
777 473
9 807
339 552
639 605
730 347
658 460
986 961
291 653
38 426
333 870
999 581
601 46
268 683
565 395
566 892
182 801
478 649
421 387
978 960
282 891
856 412
804 708
681 23
352 651
47 430
69 290
417 833
653 58
395 790
788 807
142 58
918 422
22 107
852 430
945 324
793 824
97 411
101 627
192 433
174 257
379 881
487 330
219 1000
1 349
280 788
353 866
34 287
944 748
914 859
516 699
385 175
372 297
358 332
875 690
876 649
366 843
846 465
495 45
759 816
6 232
119 657
417 239
437 228
76 612
684 107
760 769
561 240
384 911
298 572
530 656
12 703
73 959
595 542
530 60
764 191
937 547
534 911
350 520
721 148
996 26
501 612
707 457
47 552
85 357
640 414
164 884
366 374
501 533
13 601
404 313
661 617
846 687
696 20
610 998
187 923
722 792
27 242
341 414
624 790
899 806
85 730
478 25
869 936
176 138
231 451
179 92
681 300
952 988
507 72
386 798
903 871
245 163
50 687
553 56
955 381
735 960
634 53
818 908
156 555
412 605
966 28
477 97
905 708
121 207
47 307
589 928
760 498
614 509
519 115
407 715
193 731
430 792
892 963
71 734
405 486
266 956
159 75
862 654
646 587
206 242
586 884
970 535
755 855
383 574
68 799
996 619
263 174
980 588
763 948
927 199
380 784
56 582
664 773
148 158
152 217
318 714
798 176
641 107
533 45
826 25
718 107
872 311
696 517
666 302
704 804
122 685
291 885
710 822
675 529
745 815
341 894
696 867
532 201
721 22
61 655
190 77
891 192
86 34
310 698
242 292
942 859
1000 456
731 680
125 761
740 394
246 343
599 465
731 729
700 520
978 870
124 51
942 565
65 7
853 102
302 468
35 763
880 396
325 878
386 994
815 15
123 599
363 68
643 150
457 399
370 984
316 470
724 459
377 224
107 59
443 15
952 726
98 282
11 689
547 451
178 418
605 329
897 688
150 196
443 74
500 9
749 938
68 273
827 160
985 730
885 154
23 959
300 224
234 108
608 817
681 555
25 15
497 395
279 646
928 968
290 189
1 54
590 880
328 967
536 300
332 951
176 892
847 110
802 179
766 224
879 451
556 102
958 982
461 230
319 24
177 567
846 811
573 945
958 929
356 19
29 915
802 405
215 840
977 929
618 733
752 679
644 487
864 565
739 931
481 919
744 11
302 679
431 257
17 725
790 876
260 127
668 364
942 887
891 93
583 643
431 502
164 531
899 576
289 487
117 541
722 849
76 602
579 1000
564 172
503 256
804 963
146 149
610 942
442 780
23 313
668 50
65 483
139 804
66 860
514 680
728 483
737 765
930 868
1 692
578 39
437 852
732 173
726 87
128 672
71 384
892 331
740 881
523 641
182 390
760 298
615 980
191 514
983 592
680 171
55 61
168 479
419 363
597 554
898 611
177 407
70 474
771 901
186 175
82 12
928 980
314 203
185 995
301 959
216 981
858 524
31 362
659 725
292 646
464 227
393 809
780 947
396 932
475 997
43 153
530 213
561 73
105 352
803 739
368 542
518 138
651 828
872 414
930 226
825 8
625 943
845 501
994 913
665 631
425 506
43 71
544 608
997 266
801 119
134 854
754 49
494 268
833 390
155 702
372 936
289 308
218 338
610 592
772 295
195 836
393 374
985 492
750 172
18 29
428 378
62 338
100 993
212 283
907 845
486 537
998 140
911 690
400 372
39 983
743 84
562 640
193 291
726 887
505 113
303 930
288 473
364 204
805 478
395 952
878 925
662 862
738 48
350 282
800 467
965 999
895 122
406 491
735 653
116 371
214 960
175 442
857 535
586 127
720 965
22 475
428 265
709 115
486 52
343 661
12 688
167 587
336 589
447 683
358 498
287 946
490 712
239 341
955 140
608 104
92 185
498 320
464 88
784 387
388 964
73 604
422 633
295 197
650 468
82 274
923 968
375 955
690 981
233 902
919 912
756 374
445 586
797 308
11 355
765 337
768 484
196 147
13 711
659 173
972 28
55 792
21 700
77 704
243 744
282 664
912 895
325 710
218 310
682 153
652 881
999 650
356 408
782 212
929 800
126 818
625 81
791 670
21 890
423 570
501 310
658 49
145 130
143 651
790 594
648 103
44 912
905 408
726 800
505 156
468 16
655 364
218 763
311 426
212 922
403 935
778 889
838 441
930 940
218 944
683 684
743 500
46 156
801 697
362 273
92 682
809 214
499 728
926 959
302 117
287 227
568 523
883 638
511 257
44 468
740 777
852 451
84 821
965 108
178 270
940 670
474 976
944 345
317 697
341 192
760 622
560 905
412 784
410 508
893 779
140 805
36 406
547 98
287 807
751 258
788 376
182 27
475 15
594 59
104 819
945 803
197 566
91 479
272 659
113 571
93 613
646 773
211 499
460 210
786 760
233 367
855 796
775 304
85 550
843 582
169 539
264 865
904 291
582 853
805 909
99 295
912 972
802 336
522 883
815 458
781 742
470 317
381 878
723 12
584 523
450 681
626 270
312 826
313 615
278 467
479 310
83 633
947 992
450 728
69 764
758 418
249 210
329 362
38 322
465 858
544 195
911 539
866 615
820 1
374 325
984 441
912 182
181 89
236 350
551 729
776 389
467 554
646 424
304 390
140 20
641 537
325 16
91 583
735 709
194 757
131 760
983 572
693 733
447 739
710 687
628 44
668 907
381 1
462 484
343 419
128 176
989 493
663 620
371 938
923 771
352 927
771 727
797 331
129 907
703 446
754 396
23 469
907 356
506 609
968 62
200 480
472 3
459 285
635 900
484 952
527 260
947 968
282 673
882 934
597 433
526 887
468 763
285 987
859 506
330 740
597 290
563 494
485 820
882 648
498 641
821 987
715 104
630 325
939 608
959 621
984 119
532 657
147 629
478 353
766 532
178 101
52 574
805 216
109 363
838 354
408 546
735 915
727 923
412 897
322 772
900 627
818 36
917 720
131 839
81 528
651 896
548 28
966 806
975 511
67 722
340 582
225 386
758 532
923 705
638 238
385 242
840 581
153 334
154 561
11 152
105 69
620 668
646 818
461 56
924 688
997 966
104 779
11 233
105 214
453 660
555 500
60 974
966 860
349 795
181 60
492 545
55 529
773 454
178 50
980 970
255 770
971 469
937 709
254 281
807 56
648 927
703 123
356 278
548 916
324 719
991 188
186 949
318 174
891 120
697 619
87 631
493 828
284 249
293 101
589 906
160 459
30 796
288 363
771 262
476 512
256 969
114 917
807 169
230 531
108 187
573 31
496 349
64 49
546 909
374 274
729 257
473 711
993 372
773 606
28 523
981 411
395 776
515 43
183 937
562 114
585 322
514 241
733 507
573 338
297 591
82 207
67 545
763 844
693 797
419 252
126 157
866 591
624 485
533 821
880 639
93 894
119 738
817 98
250 843
362 201
197 960
327 785
384 99
749 971
224 866
413 822
810 884
143 76
529 711
699 243
681 796
286 392
379 82
409 577
873 36
584 705
150 696
688 255
105 323
626 93
753 479
704 841
523 271
102 560
966 371
308 151
860 580
919 881
117 769
206 626
272 267
636 483
799 239
807 988
460 201
498 916
136 239
872 153
393 256
605 925
273 810
626 408
597 361
389 852
434 383
680 635
75 115
282 955
536 855
321 983
123 367
326 320
293 25
513 622
649 817
502 129
631 166
1 834
827 730
592 453
964 762
282 861
257 55
800 274
21 214
736 348
151 397
357 648
601 298
908 341
931 761
126 463
554 912
248 858
232 830
528 379
467 57
641 572
549 155
382 164
64 315
597 655
124 875
875 997
535 201
900 986
595 418
766 409
438 148
900 873
647 717
859 646
931 53
400 571
210 158
301 885
235 651
607 873
333 164
280 16
559 906
567 495
632 234
220 728
338 695
673 952
910 959
416 463
309 60
437 119
49 936
542 202
263 479
216 684
161 125
324 735
128 354
807 226
812 837
6 391
347 892
621 708
432 552
17 606
806 478
683 902
25 655
88 533
450 492
808 782
806 297
256 629
151 636
635 217
411 787
708 539
910 507
848 142
759 120
237 564
778 681
983 209
848 797
813 805
50 339
694 108
680 742
999 911
50 290
917 872
313 832
207 328
75 854
338 489
286 857
1000 789
568 697
408 208
779 601
943 794
305 978
268 34
932 9
701 852
374 454
944 759
690 455
174 204
163 93
809 467
816 433
64 694
687 406
727 581
207 238
132 955
23 558
85 901
391 74
712 881
414 505
186 120
69 899
361 246
751 289
882 400
963 209
191 894
214 437
113 550
2 256
993 602
261 268
366 97
68 794
142 513
424 808
898 719
59 585
371 715
209 228
76 140
721 65
560 321
717 149
313 311
332 117
337 713
326 244
657 618
855 779
826 639
379 214
852 755
9 959
191 387
782 226
490 860
750 459
541 137
506 34
951 878
273 899
610 940
351 222
522 630
299 947
70 882
736 890
18 985
855 439
92 372
732 750
913 76
640 900
934 858
866 100
978 618
745 909
503 721
986 701
143 992
115 645
244 807
675 551
70 175
607 348
378 520
121 133
858 982
307 994
110 891
510 49
330 411
884 870
405 427
617 613
979 10
983 594
694 483
163 121
145 550
609 25
37 528
663 316
560 963
813 495
465 257
482 673
944 706
106 117
310 107
747 119
573 559
701 602
468 225
419 289
242 708
133 627
337 216
284 993
929 508
488 860
470 988
594 933
609 340
665 426
302 683
133 644
741 383
488 235
397 783
474 386
720 438
335 659
855 88
918 662
137 419
601 710
319 911
748 516
129 519
403 96
726 350
375 100
983 357
476 989
513 551
591 864
942 806
602 75
235 622
294 37
458 502
542 335
963 662
986 861
215 573
797 140
829 289
789 624
688 751
473 69
873 677
431 5
142 200
880 327
312 755
635 495
361 822
450 513
430 438
714 837
109 909
684 877
903 653
64 50
966 55
89 737
161 828
628 562
424 356
923 352
945 488
451 611
676 360
734 162
61 460
463 456
292 987
486 91
639 99
749 991
382 24
76 931
27 629
802 565
585 163
16 226
25 84
542 531
444 538
466 190
306 535
658 704
721 700
370 418
280 902
870 31
708 334
301 784
881 822
474 324
323 999
206 951
686 381
368 1
492 864
534 305
37 999
81 63
501 990
465 152
637 66
565 741
627 84
949 247
331 789
3 969
856 993
677 733
682 869
901 389
372 799
104 149
216 495
397 614
258 547
248 960
477 521
4 943
422 138
299 733
619 736
691 751
623 452
421 66
778 517
853 79
912 543
855 529
17 445
1 976
682 693
683 896
908 555
156 768
88 118
808 367
299 776
948 395
473 557
776 284
465 909
391 413
840 687
828 80
153 856
80 776
101 690
266 601
892 879
309 933
291 230
844 970
227 984
641 684
108 175
900 987
577 509
160 620
185 585
457 812
314 943
742 487
319 434
54 933
576 889
591 198
813 72
876 744
591 375
684 443
88 222
444 233
929 420
196 237
243 138
940 220
725 786
3 922
923 982
998 302
470 887
881 572
698 474
275 391
502 516
229 244
768 4
734 851
155 602
181 994
717 240
830 465
958 234
179 345
247 97
602 144
711 470
159 831
293 329
333 632
209 554
518 783
434 401
244 782
695 782
547 764
687 654
606 474
734 687
844 475
536 988
297 40
445 96
528 924
178 797
730 286
749 466
848 941
282 783
653 780
400 190
122 549
60 136
317 791
981 368
218 844
938 581
536 176
547 678
871 289
784 867
14 664
71 409
308 893
316 320
887 539
926 921
799 405
89 586
535 127
226 437
762 355
134 505
840 425
383 194
183 1
225 267
957 570
914 245
266 863
405 398
435 784
940 787
438 480
334 177
963 323
546 489
656 361
430 644
412 208
699 205
298 750
890 900
858 422
704 660
581 690
86 752
785 949
916 41
720 346
132 504
746 386
347 373
658 587
901 332
176 772
647 344
302 827
845 351
494 375
276 942
351 426
668 504
57 825
555 86
377 724
52 964
327 66
687 706
652 827
863 347
304 905
70 623
501 475
338 680
873 552
568 393
801 347
494 691
796 233
28 259
931 594
605 535
518 922
504 798
982 567
804 307
397 195
537 920
3 84
46 218
212 198
639 249
269 777
738 154
171 775
705 451
102 285
603 792
965 913
303 606
418 692
992 21
395 204
664 563
442 161
656 439
569 890
732 194
932 268
771 902
85 920
301 811
504 329
103 355
803 57
111 884
393 662
831 623
394 110
488 861
250 932
190 460
706 494
765 104
953 358
437 61
789 968
45 456
821 423
642 570
275 447
332 180
928 403
780 652
929 78
252 99
824 356
328 595
294 376
460 80
498 799
321 318
419 973
205 935
298 6
101 168
843 878
290 610
937 485
4 948
56 514
172 642
51 371
548 997
831 464
806 193
882 859
230 823
191 567
284 327
820 421
945 92
809 844
592 332
812 833
669 712
230 902
361 821
748 839
674 702
643 309
402 413
23 463
989 553
192 969
819 20
458 45
348 708
64 51
781 240
822 996
734 16
60 39
752 906
909 140
527 621
736 468
974 594
410 197
767 57
682 621
3 52
608 781
667 900
64 767
543 249
197 829
399 529
954 216
992 27
22 312
50 510
607 887
902 283
337 59
615 296
180 535
243 177
462 333
511 207
820 551
432 800
416 421
586 641
751 201
474 103
677 60
295 100
321 504
600 797
983 42
234 615
255 851
110 178
845 5
591 545
557 401
635 977
891 331
379 159
548 724
273 526
437 307
702 507
208 997
816 740
213 284
252 502
933 563
401 354
285 14
901 21
483 58
123 3
144 652
125 721
535 944
96 985
139 389
566 562
553 753
593 752
744 868
700 727
810 371
919 311
43 608
924 495
726 636
481 748
259 24
44 802
317 242
69 369
606 168
58 898
611 242
428 538
505 387
253 613
682 872
260 517
890 746
800 498
876 293
457 241
889 214
67 910
280 594
589 813
987 220
6 543
173 6
102 180
28 783
505 590
951 59
475 354
367 304
619 73
789 189
353 755
7 16
927 195
513 139
291 293
883 191
336 330
427 933
564 738
606 849
641 111
479 196
650 503
38 151
85 690
320 627
711 802
747 749
63 261
272 805
369 359
828 874
578 629
81 427
155 940
808 978
509 579
275 503
784 92
777 857
946 832
873 800
523 537
569 479
200 598
789 738
60 726
556 819
794 840
281 827
47 968
912 975
413 270
803 922
18 190
278 881
367 571
207 790
502 854
814 935
621 484
783 117
930 523
289 497
473 76
496 219
47 842
636 231
160 386
549 744
492 47
187 955
8 214
749 156
17 408
227 673
669 688
361 781
610 232
238 665
903 461
689 767
504 771
841 388
400 206
53 780
936 400
995 431
979 274
722 493
196 616
498 564
488 678
140 23
362 131
783 719
883 607
439 5
421 522
672 600
712 661
175 639
658 615
388 443
701 707
150 331
245 711
49 36
343 458
618 216
646 555
578 804
528 150
400 537
13 786
439 856
689 101
565 570
125 115
492 794
821 907
646 853
258 522
522 335
110 468
582 635
670 630
399 367
366 246
305 33
722 999
814 606
945 733
842 815
55 526
709 975
224 522
975 969
432 583
215 836
533 303
864 602
189 617
599 34
342 73
364 657
998 135
467 744
341 143
397 685
327 428
610 584
350 855
706 215
445 161
392 51
607 842
436 292
386 561
630 446
705 789
498 557
657 906
658 485
183 535
312 729
204 927
351 216
710 401
415 575
736 892
700 671
477 786
832 271
740 648
752 246
127 246
387 423
500 292
373 82
412 530
491 235
109 568
117 93
692 585
549 192
933 353
168 165
171 774
923 311
756 312
766 757
344 614
339 173
395 207
490 67
474 588
245 731
786 763
89 839
453 494
292 940
955 100
304 18
659 872
182 87
849 298
975 286
102 862
125 23
697 251
91 491
974 418
889 714
252 158
57 408
560 468
591 479
372 615
391 735
656 628
307 544
694 988
56 864
591 588
24 254
423 206
599 585
398 312
459 314
379 310
264 828
583 573
769 725
385 540
367 514
133 70
338 984
445 852
651 521
764 118
203 142
525 234
331 517
702 55
977 628
433 534
506 68
566 710
951 844
574 205
577 191
904 985
213 187
532 705
457 361
481 371
282 836
364 200
97 835
943 254
875 220
838 480
490 370
922 903
357 738
361 743
947 360
880 773
255 135
771 182
184 892
116 383
785 278
101 638
896 564
55 29
438 143
956 456
98 544
945 89
381 79
131 578
504 358
713 342
487 551
932 688
221 878
516 823
463 746
443 453
29 644
286 13
91 503
936 706
388 549
635 754
285 427
949 836
452 428
94 837
424 849
841 96
871 611
507 468
542 124
346 973
44 344
256 509
887 180
389 191
228 489
322 114
86 27
808 789
327 487
19 78
4 794
811 410
425 363
670 339
420 554
296 472
62 227
100 818
946 526
621 400
658 410
877 126
616 272
503 452
198 370
881 188
576 989
652 546
879 661
494 987
776 286
542 634
781 19
529 58
793 765
212 255
254 406
382 171
787 751
141 931
353 935
762 333
126 172
382 58
607 551
776 715
448 524
174 451
510 222
112 665
704 381
353 641
448 699
414 384
400 574
383 549
832 721
154 965
379 638
401 880
861 346
845 885
314 143
873 116
410 666
949 930
501 267
343 503
789 926
348 418
409 546
768 919
953 157
59 558
688 158
284 713
780 710
565 872
714 956
401 547
381 681
85 769
886 700
82 532
696 872
769 748
99 221
43 899
775 466
228 397
982 242
569 79
18 191
16 572
951 916
830 542
991 241
369 162
852 585
217 86
346 626
78 933
696 389
593 620
649 850
373 972
959 629
726 832
892 568
325 873
576 975
393 806
95 297
320 103
265 938
822 818
70 55
140 323
500 368
136 601
461 635
563 963
516 459
279 447
636 762
303 565
658 612
932 411
644 535
611 604
758 925
687 403
836 831
914 781
277 59
890 771
262 289
824 456
519 331
617 825
928 828
874 122
551 634
305 789
789 65
202 74
149 226
65 751
522 201
926 490
248 479
175 946
414 158
755 84
556 7
427 17
279 976
194 828
655 601
177 554
52 386
197 679
422 276
730 781
90 108
593 115
685 547
890 727
851 839
32 301
212 167
344 92
513 850
952 561
554 366
807 16
954 580
218 379
989 990
114 312
445 160
228 304
18 552
407 356
49 840
912 714
730 321
442 777
459 861
388 343
394 960
531 257
64 186
672 441
861 907
2 352
653 959
951 702
684 795
837 907
317 938
429 176
430 123
930 319
291 211
414 980
115 567
225 75
758 223
482 602
357 606
927 326
804 19
776 564
706 813
162 719
608 867
439 153
477 326
192 474
980 419
672 980
713 40
590 806
756 202
41 747
135 784
968 506
200 68
770 336
612 905
780 985
395 317
111 999
423 491
850 917
375 978
637 443
696 595
785 774
296 723
154 735
266 437
158 255
973 42
612 382
958 838
686 689
66 326
817 518
802 434
756 558
586 211
808 939
220 963
668 431
161 427
458 639
934 387
740 105
743 954
47 899
319 878
820 129
913 481
768 492
56 46
994 652
759 396
230 858
640 726
570 539
276 674
586 622
908 691
674 589
951 847
660 520
494 738
575 671
230 900
628 799
493 602
810 300
114 913
501 127
84 201
714 745
355 119
549 897
752 19
862 88
442 527
494 828
670 835
13 68
253 607
235 60
680 991
386 86
23 175
173 382
853 748
895 97
745 648
308 918
586 120
111 583
390 656
93 969
223 942
421 850
261 653
957 608
889 794
357 852
85 8
345 820
931 29
346 487
326 679
609 427
846 424
528 384
386 410
685 22
780 878
984 945
694 236
327 781
254 823
367 508
314 232
522 437
278 519
210 329
447 436
784 504
768 797
272 684
77 183
673 912
980 788
822 243
608 331
276 147
285 91
968 835
55 625
920 998
321 367
798 907
450 13
716 304
988 525
882 8
958 205
599 229
5 110
703 155
192 619
281 974
212 614
599 346
90 326
309 347
913 350
92 867
237 390
865 677
656 672
740 355
868 312
485 840
677 286
678 41
99 202
412 693
584 862
568 323
515 732
94 51
747 580
60 231
939 684
299 781
891 727
804 742
79 810
631 745
191 920
684 995
244 794
634 430
943 770
474 995
588 627
827 813
221 118
666 485
408 397
709 449
267 370
956 382
942 185
214 848
287 12
115 781
634 755
835 819
909 993
461 129
662 187
512 452
334 88
82 465
450 429
693 543
552 689
419 506
243 30
998 338
522 312
81 24
228 217
64 874
487 27
103 651
513 939
56 938
453 872
294 420
393 964
928 622
157 116
643 917
242 124
189 579
928 477
450 17
531 808
555 222
403 866
77 671
582 801
445 155
265 493
821 800
513 535
38 10
276 791
456 827
679 279
759 229
501 277
212 344
529 362
306 171
565 348
203 439
313 731
744 721
527 784
670 969
87 793
829 72
870 700
505 44
452 621
404 556
398 591
348 654
165 832
211 119
170 982
615 712
743 279
763 445
452 764
749 642
681 482
535 11
460 915
528 347
340 329
804 945
879 940
49 457
735 422
885 356
796 763
728 673
887 934
22 375
547 180
479 665
850 31
427 882
581 925
324 394
703 654
560 136
484 240
784 448
988 800
206 797
906 127
947 472
141 974
419 756
186 713
629 675
977 66
461 369
530 722
697 195
759 645
947 13
428 525
12 821
379 89
752 587
716 376
132 281
761 865
762 522
669 46
559 658
290 605
118 479
282 733
302 536
160 49
74 667
660 646
226 974
248 874
940 57
782 145
394 894
913 294
865 749
105 704
632 932
485 896
762 993
770 600
873 375
147 523
216 105
14 345
991 283
574 305
875 801
890 498
711 755
644 839
316 496
88 335
163 287
454 258
516 281
937 621
426 951
297 453
596 47
325 581
486 947
605 167
842 171
989 8
903 472
796 680
11 800
124 943
567 879
93 996
899 906
292 996
76 665
331 896
119 789
193 935
837 673
668 996
315 372
64 948
711 966
33 699
451 84
409 768
673 907
301 970
704 449
185 209
270 474
788 19
350 86
46 849
216 616
324 531
660 981
932 850
789 695
593 94
430 659
122 606
988 590
731 456
492 316
355 972
265 468
269 388
190 926
564 143
144 562
436 314
204 814
904 76
600 732
114 623
982 261
161 613
725 842
19 501
118 223
829 31
628 911
299 575
908 865
377 49
88 188
895 147
967 262
239 671
594 634
169 349
980 115
359 86
624 173
985 920
952 660
957 669
652 237
410 192
312 563
676 251
201 221
22 477
996 792
888 385
962 920
357 962
909 875
827 238
315 434
686 167
779 323
432 118
783 474
36 376
510 307
889 906
283 769
291 266
239 854
337 56
175 900
509 858
882 468
167 820
498 461
799 565
634 801
564 696
730 672
858 413
755 110
824 549
533 387
113 738
590 76
243 291
885 656
299 127
1000 166
323 155
255 860
200 430
632 433
908 825
925 106
564 478
211 814
301 677
324 631
199 661
195 446
96 766
366 648
48 625
308 3
755 474
332 160
721 286
151 599
561 693
800 875
17 138
658 265
610 526
866 484
959 5
891 27
48 863
549 753
363 418
695 855
630 484
705 979
448 420
257 805
376 740
861 720
678 46
915 360
649 659
169 14
278 440
653 740
766 887
288 396
382 636
348 564
441 773
273 534
190 615
714 869
752 48
607 242
610 178
978 558
121 103
504 857
743 323
410 181
340 310
14 563
398 658
719 234
757 35
961 550
376 2
983 673
692 690
953 886
491 979
101 400
949 473
418 874
230 857
229 316
20 463
87 319
606 634
929 393
965 271
637 256
323 968
604 79
570 459
418 76
685 906
427 934
564 749
972 634
565 183
461 251
9 458
108 880
807 264
792 31
21 371
295 116
855 28
825 985
458 722
60 866
975 871
553 935
203 874
481 908
372 895
656 427
808 755
960 990
133 156
42 18
997 477
251 215
91 526
40 556
666 864
77 623
939 348
583 805
714 596
333 854
463 987
356 521
486 584
363 287
2 491
169 106
558 524
99 233
448 63
502 230
397 74
680 890
221 262
723 572
357 848
465 860
305 747
396 134
738 3
297 351
649 562
615 715
951 709
917 597
704 14
633 920
802 663
315 28
79 47
779 685
376 30
233 379
361 334
72 823
309 566
72 229
112 552
943 519
875 853
197 865
110 578
366 552
115 232
542 623
301 195
84 565
413 905
654 889
932 379
237 769
370 502
426 532
906 794
733 881
147 402
183 336
413 171
154 966
57 385
146 697
702 344
834 714
29 108
157 87
163 762
702 429
994 508
685 545
834 893
708 838
765 275
802 868
955 743
8 264
714 662
28 220
797 137
817 843
565 157
752 444
753 85
271 358
780 585
494 597
283 188
562 757
764 307
771 675
855 612
181 533
207 533
83 539
264 351
692 135
14 431
584 239
71 202
576 1000
865 393
250 155
213 789
931 598
363 136
308 575
721 855
844 729
259 85
867 264
411 318
430 14
87 941
36 897
476 344
168 25
192 143
818 79
710 193
235 227
849 867
741 853
51 587
858 979
987 765
111 557
572 17
558 738
760 305
922 64
689 843
339 174
968 286
144 448
914 732
864 479
41 133
538 16
776 645
119 871
407 633
945 50
267 10
55 427
93 788
96 56
666 252
87 911
881 556
177 362
286 20
453 859
355 702
555 303
325 197
458 776
276 249
760 860
232 213
647 471
177 630
48 711
929 66
937 719
595 763
31 800
198 728
962 61
749 227
825 243
846 603
118 306
435 152
916 525
187 887
946 504
32 152
307 14
36 624
189 78
800 157
491 882
796 201
65 369
555 147
906 174
380 202
455 668
597 915
653 929
322 755
133 969
862 489
594 635
331 611
648 319
905 720
951 269
218 947
112 402
11 715
634 507
323 544
876 332
434 763
590 614
239 636
554 728
956 340
903 319
968 314
110 651
421 707
310 473
324 932
64 755
319 389
451 277
896 422
829 724
76 702
331 943
374 835
267 135
932 691
774 330
305 560
426 492
103 528
586 570
340 703
152 116
6 115
7 206
755 14
242 967
172 798
67 240
190 768
223 509
149 506
542 757
688 324
262 811
601 549
543 718
18 455
706 799
331 788
890 525
906 278
856 917
674 794
512 161
622 188
497 509
697 468
939 371
999 643
47 790
199 59
455 461
38 127
575 300
243 783
964 853
298 427
911 671
647 956
826 901
649 900
655 453
377 99
236 482
848 740
98 415
562 302
211 228
329 624
912 321
35 434
787 643
667 169
265 877
505 368
913 809
879 898
386 171
633 108
168 306
619 65
375 322
861 4
847 81
102 168
106 39
641 720
418 875
438 110
901 782
738 416
150 274
135 202
546 623
599 409
287 927
56 735
54 958
858 623
78 850
993 854
165 128
336 703
603 659
55 256
295 427
262 90
253 391
56 573
57 356
59 690
722 142
560 125
733 526
494 2
846 215
750 307
398 324
720 258
506 711
103 875
324 596
384 641
4 874
645 947
812 705
228 392
47 980
143 417
189 291
209 557
854 63
142 107
806 178
773 75
283 211
982 467
880 309
843 955
660 595
244 644
790 625
772 4
653 828
758 421
27 71
410 766
430 399
577 21
942 287
744 610
818 985
137 717
602 576
472 293
442 453
633 814
317 899
690 159
448 222
13 394
508 838
364 418
827 986
645 581
443 981
76 425
227 618
606 938
997 535
733 61
510 110
67 767
236 906
516 724
614 243
392 782
376 253
567 43
716 807
71 984
220 438
37 856
298 600
780 816
51 896
399 595
85 327
306 683
55 356
445 648
500 725
229 49
251 729
858 419
140 253
132 598
16 747
328 685
187 263
42 359
774 60
28 496
237 853
450 192
837 980
473 353
309 133
481 830
137 26
251 916
273 714
471 683
575 49
298 47
270 137
218 326
57 828
186 920
136 173
190 992
639 723
95 662
551 409
704 37
928 72
696 212
75 49
635 473
249 262
891 947
707 16
848 432
681 145
222 51
26 454
959 618
377 426
914 281
313 870
120 644
729 302
732 667
144 148
348 876
540 151
227 569
871 320
931 695
658 933
878 888
195 299
705 968
351 664
64 458
600 172
28 685
510 847
486 945
876 361
104 502
443 110
440 170
597 577
563 849
927 464
31 175
306 410
606 785
609 19
629 208
442 170
813 489
359 169
96 57
595 209
689 52
214 521
897 39
664 982
152 234
985 798
654 965
90 954
223 762
775 83
524 465
200 701
659 586
229 166
485 268
582 746
767 230
185 64
521 446
611 551
391 616
413 464
622 310
454 740
91 826
459 318
61 606
299 457
467 795
892 72
855 180
368 756
403 471
189 506
890 601
356 285
943 620
907 510
568 221
513 556
697 447
79 160
990 734
578 458
915 485
545 243
859 479
972 214
4 64
946 505
213 214
514 789
933 205
635 485
891 863
784 627
268 348
30 775
454 51
131 236
95 295
649 879
126 136
835 884
692 779
406 417
979 353
83 276
121 73
635 176
253 604
153 838
724 11
652 280
73 191
933 257
481 194
444 306
728 893
838 134
337 387
559 296
671 802
151 809
1 813
520 728
747 329
215 343
141 592
716 792
58 414
738 524
22 317
405 171
577 906
137 517
766 70
371 40
537 36
206 953
746 146
340 839
703 704
486 605
560 822
73 981
369 382
42 684
423 25
321 499
599 896
68 856
877 734
650 62
243 63
368 641
601 597
380 839
273 658
578 447
905 85
906 486
212 609
17 661
915 396
94 389
886 993
134 528
962 524
855 958
489 387
848 808
541 331
621 777
182 875
881 176
113 270
114 545
408 980
86 490
485 966
658 184
420 155
847 540
631 885
339 813
13 20
417 907
329 199
535 371
921 523
114 771
334 624
435 495
442 590
421 640
408 609
925 784
287 235
733 423
92 337
444 470
407 706
476 39
352 125
906 514
323 684
926 720
91 265
186 276
901 926
867 876
372 278
564 888
927 206
849 374
820 657
710 613
936 674
424 220
580 113
565 707
978 543
822 210
932 950
475 805
405 192
744 378
851 574
925 76
912 949
820 806
603 94
34 879
458 547
542 495
69 907
910 339
541 714
416 19
809 604
384 561
739 799
249 972
427 501
642 207
624 589
113 200
80 792
80 287
472 758
905 194
688 734
568 4
308 263
173 767
249 361
305 527
303 12
86 372
922 694
445 491
819 34
397 72
457 293
425 775
389 740
704 104
305 745
267 279
821 737
970 237
221 437
442 450
443 871
45 743
134 293
378 656
966 113
282 434
309 786
143 826
723 796
124 791
605 320
932 48
493 73
542 691
317 612
539 713
577 592
979 996
597 541
563 741
694 393
186 144
508 267
668 899
400 814
698 166
720 562
737 372
993 994
264 600
637 403
6 742
125 255
823 866
467 761
902 119
427 21
379 380
388 125
972 751
845 119
885 854
321 443
85 450
581 589
610 276
396 285
418 419
864 607
332 29
810 893
485 457
700 848
192 551
125 547
878 483
738 506
955 271
816 560
948 21
925 739
717 577
4 252
232 535
456 58
291 616
942 943
856 394
31 618
359 329
201 891
539 143
329 585
909 17
821 709
914 425
295 950
666 262
957 261
602 980
441 493
608 537
588 551
754 827
951 807
921 59
140 48
1 223
789 429
148 539
903 469
436 28
402 18
969 918
931 916
288 882
606 790
646 633
125 304
415 156
129 35
93 786
479 466
573 552
943 650
915 729
936 604
594 104
8 795
171 313
525 221
10 201
855 371
767 583
788 312
789 97
901 615
778 242
323 19
493 351
111 80
149 371
206 892
82 694
285 115
604 855
822 154
717 80
612 378
212 872
494 757
650 234
636 905
356 143
29 255
892 73
492 319
916 297
759 283
62 121
877 940
354 299
271 324
773 898
275 739
584 857
666 969
919 297
196 888
434 181
455 265
870 744
609 982
148 874
809 80
284 531
463 179
410 45
339 897
286 664
753 691
813 665
870 970
339 110
377 167
585 842
823 448
383 345
3 199
908 66
242 88
70 285
914 687
365 975
685 368
173 28
102 130
253 814
54 801
996 746
46 325
653 355
694 369
881 862
20 864
332 530
442 62
177 315
822 469
608 97
186 59
634 957
487 947
458 880
3 784
118 963
509 712
869 56
851 549
726 403
176 475
233 798
252 46
308 232
761 231
225 866
39 168
694 950
475 742
459 221
123 168
199 279
950 629
274 234
661 526
481 982
99 387
234 914
240 347
113 35
668 173
890 493
503 338
160 124
714 575
145 232
952 136
256 655
683 872
812 908
411 45
452 709
400 314
109 840
193 149
50 310
127 292
109 985
973 880
79 641
62 593
877 468
257 609
836 659
528 740
362 262
809 221
352 272
831 920
408 610
303 579
706 591
628 652
847 418
801 914
956 378
461 692
27 598
339 360
269 833
538 86
558 397
559 700
48 246
508 480
236 823
989 367
261 638
267 165
968 54
197 940
755 974
497 962
793 173
876 809
816 122
795 596
915 638
132 636
439 528
703 743
744 492
779 223
142 557
823 654
521 612
997 151
763 690
582 819
402 889
60 893
556 922
905 95
450 475
314 987
350 978
794 850
869 318
742 516
271 203
758 918
521 215
155 369
65 205
949 359
950 960
458 258
632 797
174 574
835 384
963 599
568 5
882 695
25 92
22 626
478 80
959 995
583 951
847 855
273 40
572 452
807 687
189 116
587 1
236 433
539 162
974 754
424 202
260 592
637 780
123 990
676 344
457 6
934 528
258 81
847 273
158 558
13 281
330 367
305 91
452 926
384 406
149 922
560 991
875 743
172 269
279 555
282 381
84 705
880 544
366 559
763 38
866 527
427 729
135 40
932 358
31 491
694 313
676 796
695 16
474 660
400 543
497 541
996 561
910 33
928 817
113 589
721 782
902 485
996 384
854 546
430 766
698 22
129 785
993 594
171 506
530 703
683 359
646 105
686 670
637 244
308 160
881 674
954 734
241 637
228 479
673 190
857 393
34 880
381 551
596 802
422 350
820 170
968 637
572 474
829 676
333 827
961 276
361 329
565 154
697 274
716 90
826 758
222 279
887 432
1000 716
179 113
543 477
832 261
761 417
245 240
504 950
819 1
507 573
882 611
847 727
329 158
95 483
762 172
498 872
343 933
895 72
412 704
478 392
555 387
701 880
814 81
122 417
582 157
352 38
10 404
840 347
642 241
115 201
138 387
530 897
196 157
586 517
718 62
884 290
122 503
413 140
567 303
897 199
259 826
777 953
986 481
913 958
113 843
664 101
204 358
707 73
526 372
659 298
329 947
717 32
609 959
29 254
281 767
125 597
19 56
437 329
611 809
886 616
762 554
14 734
707 359
748 521
711 407
713 986
787 63
472 163
470 370
285 800
56 418
554 97
807 785
227 411
304 940
467 488
1 126
923 201
437 924
867 75
559 500
139 890
692 870
485 928
363 216
326 492
469 755
792 820
541 391
302 133
395 549
837 242
821 695
715 412
675 747
512 7
852 211
821 728
921 478
443 942
540 368
580 677
961 941
303 495
813 297
10 598
748 258
715 587
36 986
40 321
796 648
305 99
92 109
850 193
664 901
827 83
920 303
166 747
82 486
853 811
358 379
841 787
825 630
384 426
43 465
533 30
789 900
135 278
963 145
466 619
530 884
967 713
950 441
935 303
774 107
523 169
559 303
712 254
142 705
492 638
665 680
206 712
229 809
125 904
878 190
608 430
882 5
954 662
721 129
960 839
65 869
787 490
593 272
440 255
61 721
632 659
947 752
821 215
414 663
19 197
493 902
830 31
977 569
358 70
808 569
299 610
601 230
714 911
645 315
942 663
254 721
486 563
22 945
297 214
460 646
49 629
710 354
472 332
516 191
120 702
749 665
474 893
1 635
240 887
97 210
226 310
714 67
331 657
83 16
801 913
163 424
861 1
75 660
645 768
192 488
270 939
70 393
210 4
48 247
600 388
619 352
954 135
462 406
478 107
380 811
521 649
249 899
340 869
309 402
989 560
449 535
472 688
589 251
682 559
69 566
667 298
673 800
161 116
626 832
310 919
5 171
997 231
321 334
963 939
180 391
970 617
203 878
425 312
152 736
566 503
710 299
311 988
366 281
593 299
281 941
948 51
315 692
757 685
230 871
279 849
825 409
863 49
956 757
354 67
961 41
946 447
451 999
341 327
877 149
700 754
830 789
743 556
908 967
585 598
87 788
515 831
883 921
481 445
622 522
329 225
253 514
199 604
865 128
786 458
611 868
280 522
23 210
860 325
527 674
418 680
37 402
59 166
614 404
154 158
486 27
503 923
680 186
141 902
814 933
852 344
31 69
324 209
396 710
811 737
480 447
543 190
447 277
694 318
634 886
572 215
814 647
512 689
734 90
806 823
972 523
789 75
557 159
764 933
11 199
203 607
8 607
484 76
746 379
293 930
403 222
699 958
711 652
786 613
795 721
722 403
25 705
132 883
213 364
820 772
837 866
643 195
806 499
556 782
596 803
423 769
246 748
691 529
854 495
911 358
506 329
275 246
994 738
596 658
722 693
778 739
375 441
359 532
51 287
913 392
402 143
22 684
562 945
213 63
971 111
844 503
265 23
406 702
709 959
231 431
964 936
877 377
958 152
773 846
207 390
905 478
1000 604
296 67
350 410
460 718
979 326
248 444
446 905
231 141
736 593
94 712
762 173
190 182
139 396
467 11
236 692
112 362
447 986
714 411
400 975
116 401
443 99
637 625
934 618
529 806
589 750
385 46
828 374
810 793
558 91
926 671
965 187
858 955
736 157
495 172
520 654
614 146
45 141
428 27
475 572
824 816
343 488
722 51
978 201
154 519
854 988
746 189
603 732
361 217
401 818
348 497
25 786
724 660
345 621
950 466
989 632
973 83
920 836
837 548
422 298
936 858
375 206
198 845
220 985
21 536
522 991
65 920
172 596
356 137
433 988
307 967
846 556
212 584
898 997
18 129
375 413
89 44
721 471
496 706
531 178
400 464
678 7
215 520
922 637
283 13
145 44
539 252
776 154
724 304
134 996
818 781
197 336
588 871
249 837
170 536
600 109
272 56
92 729
112 263
993 386
369 680
79 973
154 52
653 46
895 624
913 833
733 320
623 988
607 443
369 883
760 482
478 613
687 371
728 832
305 17
508 760
277 155
880 538
720 847
367 292
793 949
131 570
836 893
978 26
727 501
158 912
384 125
115 85
833 898
564 790
604 23
896 216
293 792
684 95
389 373
121 853
582 698
713 441
717 481
727 821
691 826
51 667
659 472
74 792
510 752
829 920
61 526
152 278
150 801
780 680
437 315
229 450
977 798
449 453
366 258
369 46
868 399
140 629
708 553
782 304
806 138
767 582
186 863
415 990
553 761
899 901
810 232
539 442
155 437
853 86
467 391
697 698
754 445
719 739
527 826
51 117
311 447
421 427
559 149
87 150
398 629
169 275
619 807
47 342
31 957
434 953
879 793
936 75
645 621
745 733
653 82
547 467
965 960
279 953
843 428
516 478
75 518
614 489
80 912
88 443
549 274
55 201
737 18
774 633
967 704
470 704
287 10
549 933
419 130
371 189
449 859
304 66
486 350
699 75
917 496
225 448
360 313
196 71
436 758
736 52
376 963
788 498
741 446
797 380
673 950
176 362
413 115
161 154
144 132
77 38
349 769
498 125
63 23
581 598
267 530
694 927
218 76
860 435
960 1
972 780
246 534
322 62
787 408
75 346
384 645
539 13
985 279
324 999
954 538
863 512
705 656
722 718
835 501
143 466
80 274
100 989
195 995
216 620
666 924
924 84
361 868
658 8
986 909
739 597
897 587
450 606
329 279
826 933
706 655
579 679
321 683
175 176
639 383
59 475
247 706
109 733
451 551
81 656
478 402
624 234
349 415
956 169
336 994
123 830
837 177
948 773
334 271
805 924
372 648
202 675
166 846
723 393
432 744
796 753
447 647
949 705
783 831
277 68
760 248
723 492
135 42
283 607
693 716
628 55
775 986
854 945
930 388
668 781
523 18
228 788
494 222
855 473
586 638
642 956
555 389
457 674
479 933
81 126
7 786
160 907
773 471
684 182
996 224
501 782
428 628
124 43
900 646
698 374
901 435
316 757
133 985
725 543
526 544
657 727
655 836
327 279
916 272
167 174
522 907
635 782
378 285
34 737
638 328
539 580
497 441
995 134
669 985
800 936
323 724
256 730
961 411
419 882
32 113
498 598
218 612
882 703
155 125
174 715
670 588
969 513
127 361
273 10
39 551
500 445
65 360
374 402
692 819
92 739
325 822
715 498
58 979
442 626
23 19
743 416
486 843
491 227
588 723
168 30
296 979
739 329
676 382
454 260
572 191
40 999
151 316
742 447
723 170
871 34
396 276
474 596
914 729
408 378
742 469
465 383
448 587
713 209
110 611
571 223
534 449
374 222
314 108
580 263
673 675
196 8
56 667
348 323
703 603
244 284
816 181
638 100
90 902
841 710
56 522
664 841
186 405
816 4
263 379
450 286
267 892
345 620
203 634
367 199
295 170
703 825
564 593
202 941
452 455
399 248
664 103
498 133
464 509
712 339
363 769
533 331
916 325
792 203
777 153
595 766
85 340
379 123
789 546
751 308
523 506
946 659
749 222
181 850
882 961
919 580
241 523
730 465
1000 268
950 910
130 631
937 381
902 557
100 917
709 769
212 303
352 954
340 203
353 320
374 510
878 784
635 717
913 38
938 747
728 35
291 871
697 1000
956 968
169 327
153 842
687 141
67 780
448 794
382 183
143 895
774 771
336 795
153 251
335 231
27 734
214 988
286 441
328 335
201 199
202 360
166 775
723 70
706 776
818 289
380 658
951 95
793 37
471 186
257 639
941 310
929 406
660 290
57 339
252 854
371 879
389 372
907 507
233 882
164 22
949 844
845 171
669 349
318 309
945 541
547 801
384 14
788 61
494 218
416 631
8 743
449 653
651 847
191 158
727 86
877 875
125 902
109 257
845 397
4 883
120 748
835 139
567 535
765 726
39 427
497 496
796 358
719 535
845 838
968 695
40 566
192 657
355 127
28 15
191 461
527 392
38 112
496 7
387 184
298 261
673 311
531 209
442 712
188 308
317 152
691 407
585 696
259 995
293 159
938 708
23 490
995 781
192 46
445 308
586 338
126 619
731 775
149 560
903 747
886 417
136 677
292 40
995 747
979 238
564 414
941 812
903 427
952 694
3 292
226 423
12 46
433 71
396 333
608 691
168 364
130 161
993 143
277 190
794 72
172 292
944 341
215 390
396 732
235 460
128 898
720 812
516 765
94 549
135 193
194 671
637 681
999 262
626 698
474 703
936 904
439 847
372 274
391 1000
394 92
291 67
426 461
592 900
654 897
586 603
992 286
702 601
684 60
99 996
501 952
409 554
393 877
836 391
450 326
931 493
381 318
685 678
600 962
737 681
187 73
212 931
393 285
359 780
431 643
270 263
455 249
717 230
481 902
632 578
838 954
251 124
893 421
859 381
881 485
337 619
545 206
144 737
74 622
661 656
528 827
186 880
540 839
670 454
381 979
212 359
160 266
640 516
882 747
294 837
904 921
522 552
726 856
784 703
134 548
531 346
805 71
130 321
62 624
28 416
875 271
629 308
757 239
39 864
979 285
340 336
896 726
434 813
897 643
182 439
957 945
814 56
989 610
286 497
370 574
922 153
962 986
154 783
983 560
609 123
81 962
353 677
266 212
125 409
589 554
997 837
54 14
113 578
3 732
885 560
396 949
96 145
552 547
347 161
59 725
6 60
873 233
926 125
450 170
397 881
824 483
660 73
59 578
777 787
655 478
691 885
530 717
920 805
405 675
320 753
7 563
238 151
399 900
294 165
687 671
284 459
506 343
397 676
987 85
825 217
4 986
423 912
468 783
285 943
553 679
756 886
134 732
936 93
873 694
274 467
866 281
333 884
230 912
667 475
602 271
589 326
434 141
627 880
912 480
645 386
599 886
101 798
800 341
899 11
352 364
210 646
642 315
478 399
390 541
836 613
304 350
802 693
250 502
602 835
396 390
235 374
295 656
666 36
724 354
816 505
838 859
567 868
399 662
291 57
665 228
622 604
776 651
658 723
720 756
976 654
480 349
79 303
561 484
989 605
586 945
688 941
81 191
742 52
655 743
654 974
626 597
206 977
959 421
546 370
33 301
593 181
317 392
963 71
418 336
664 104
890 640
599 104
852 219
377 892
977 816
598 510
941 917
833 48
308 54
221 787
590 388
268 996
215 577
643 752
293 311
955 578
26 658
350 203
151 814
189 215
10 713
735 691
490 566
805 317
759 170
981 220
965 551
857 934
848 623
705 234
317 228
963 567
17 232
71 309
386 959
776 363
588 480
524 761
830 280
1000 969
984 462
594 629
539 28
772 751
406 21
615 777
676 147
805 881
697 856
934 607
884 734
631 386
620 816
770 123
954 396
572 51
465 713
376 92
513 411
746 718
866 579
371 163
383 437
907 143
784 210
146 823
516 681
497 585
704 409
229 402
637 373
167 860
25 835
580 139
873 391
34 243
609 653
171 438
372 477
512 490
107 856
271 883
293 919
939 747
78 363
850 768
65 600
68 837
622 356
604 823
76 376
186 648
476 727
225 870
65 969
746 448
553 844
493 97
848 112
321 272
622 70
256 613
534 776
118 481
246 298
199 160
610 521
180 193
242 389
425 227
541 213
728 452
545 146
329 543
165 225
368 499
795 854
770 616
459 797
295 576
260 858
139 667
984 140
895 862
992 663
420 128
757 921
505 531
155 213
429 974
175 158
496 203
217 396
774 962
259 147
232 923
302 23
97 215
779 553
177 159
624 192
908 666
3 295
79 80
97 433
408 260
372 293
409 853
254 121
681 569
404 816
900 861
95 906
561 467
29 448
175 835
859 658
662 179
974 193
133 559
44 126
413 815
1 961
43 318
172 218
484 196
893 96
859 944
751 134
607 994
831 318
816 973
82 437
548 540
419 704
591 414
295 109
261 173
873 157
945 568
273 599
350 583
315 768
869 425
281 656
927 521
342 59
513 845
791 769
167 132
632 579
449 423
730 80
860 723
881 117
972 132
744 827
780 1000
873 729
31 668
79 579
703 389
541 298
669 789
242 51
160 383
74 321
26 492
961 223
959 636
344 199
735 901
577 495
366 211
999 784
800 330
1 555
308 832
97 243
282 423
67 967
875 44
110 875
990 271
296 791
763 659
893 704
505 647
468 509
896 582
456 477
260 971
844 880
372 81
779 307
301 171
563 744
767 840
465 229
384 281
681 533
921 38
124 609
250 804
254 228
680 475
794 578
668 920
315 352
444 836
873 462
506 801
50 719
612 621
498 445
225 595
778 219
820 626
650 392
315 896
516 903
228 229
15 257
220 577
439 745
891 412
727 114
17 933
94 661
848 425
756 546
764 245
178 752
989 932
618 606
256 557
332 504
8 414
599 282
783 83
532 465
612 135
999 186
467 464
928 78
468 895
904 680
829 386
856 480
395 684
658 106
259 461
633 754
649 885
580 943
933 53
900 322
353 171
517 212
27 982
896 917
469 629
967 282
71 481
53 886
883 743
60 548
795 429
671 534
448 816
966 86
71 630
225 66
547 577
266 516
12 96
328 341
511 460
258 416
135 874
230 428
950 654
968 261
96 64
81 679
616 971
16 769
463 436
850 754
571 209
534 455
269 640
223 962
124 645
127 530
227 157
685 954
48 1
158 970
305 438
738 275
479 522
372 506
580 39
885 508
306 984
98 690
863 912
197 642
181 13
474 57
916 464
189 530
943 576
285 255
877 645
199 409
627 354
995 454
501 657
48 589
472 905
125 593
570 974
166 838
564 206
433 802
554 474
517 214
646 506
406 639
652 935
659 125
143 276
956 713
380 447
170 338
133 366
377 366
821 913
182 897
229 10
700 710
166 238
170 741
688 299
838 316
144 968
992 652
994 86
465 780
753 86
896 962
718 785
288 582
296 945
690 314
541 677
945 484
31 875
583 302
182 141
97 59
335 225
537 434
87 544
116 496
334 427
908 462
12 155
714 269
474 566
422 830
918 147
41 701
784 272
906 763
873 356
283 872
860 102
951 89
186 85
849 499
41 718
79 258
980 575
504 368
582 415
34 129
820 699
233 999
319 943
881 947
163 972
292 680
333 4
524 499
655 619
253 365
272 820
238 387
664 214
403 170
561 66
46 778
15 514
307 518
713 527
570 128
446 95
758 373
345 360
315 852
337 764
69 913
327 473
937 445
114 486
920 653
578 441
118 486
320 425
686 948
753 133
844 84
611 291
612 200
156 118
839 467
198 473
687 879
66 871
85 57
602 341
164 424
626 367
679 507
352 600
80 599
664 858
501 169
174 769
790 479
829 59
830 972
338 37
28 350
96 139
892 669
731 793
678 256
866 32
98 406
761 206
580 886
926 798
999 892
835 999
69 247
508 825
979 611
444 381
488 693
729 409
932 590
791 193
649 760
390 730
784 17
452 935
385 389
240 585
115 871
938 661
903 616
31 109
879 617
71 860
220 58
634 760
672 789
414 398
439 841
171 759
72 112
736 55
704 533
523 190
615 321
739 722
971 733
509 886
916 170
647 74
489 762
896 86
20 214
920 92
202 656
754 685
935 704
87 142
968 872
327 671
418 409
955 610
433 904
695 636
256 467
440 48
479 241
371 536
601 955
877 704
214 102
345 245
716 476
136 184
914 480
380 457
655 991
994 333
756 796
133 277
464 494
304 921
929 734
70 752
221 636
98 233
453 57
830 334
50 324
326 409
457 350
934 216
739 112
649 856
377 407
675 984
507 532
398 933
737 631
437 833
762 34
445 342
790 362
204 675
478 262
649 570
210 672
770 740
908 801
123 981
714 16
54 593
900 693
813 732
407 655
965 929
322 933
288 765
76 58
542 693
887 924
288 768
823 272
176 973
28 870
837 8
125 294
185 625
172 409
214 740
548 204
253 66
237 701
182 70
186 13
637 603
578 795
983 784
567 81
769 26
153 134
864 152
725 841
357 117
501 922
817 391
927 470
950 357
934 363
454 446
200 494
57 107
60 798
392 192
928 498
947 526
431 673
990 592
863 738
574 787
904 379
869 349
195 674
131 433
82 816
165 326
556 665
266 853
669 982
392 62
716 87
494 605
960 673
209 659
968 327
35 823
695 919
807 761
956 661
443 586
384 110
503 390
566 864
1 788
758 408
634 741
107 246
697 608
904 774
246 223
838 499
382 783
454 488
974 723
352 366
481 78
616 671
179 899
698 657
71 625
40 475
60 488
580 733
746 741
196 710
782 581
625 544
292 241
849 756
633 45
941 156
448 991
954 345
242 535
774 580
962 828
46 307
340 596
126 125
186 190
297 895
962 687
979 887
907 242
391 925
836 840
893 965
744 866
181 642
135 408
213 144
664 844
572 621
333 850
335 753
293 126
124 356
807 379
510 585
518 234
295 167
775 217
326 914
800 523
379 286
287 515
113 846
864 898
494 61
722 480
964 948
973 177
556 863
741 213
347 583
670 211
795 203
751 780
868 40
541 94
694 612
38 248
349 626
856 459
502 917
268 629
734 704
957 883
647 999
943 316
138 693
522 678
536 608
764 720
463 923
943 429
66 947
602 737
929 631
654 231
643 289
535 759
459 704
616 477
242 665
400 242
454 69
917 947
491 409
830 928
500 259
301 302
247 534
903 865
69 274
144 247
5 982
729 444
714 40
733 348
944 232
607 423
370 866
745 630
637 928
218 654
575 547
457 850
488 52
559 305
317 678
430 895
567 842
514 512
953 722
689 334
521 950
872 926
779 378
181 255
18 497
656 399
197 801
200 27
63 904
409 965
837 337
664 825
448 135
119 609
154 615
603 316
517 740
939 825
760 785
635 655
906 941
634 822
873 22
820 555
512 492
56 920
739 701
884 415